2000470835
2000470838
2000470843
2000470653
2000470426
2000470393
2000468264
2000468226
2000471404
2000471406
2000471419
2000471443
2000471452
2000471480
2000471515
2000471544
2000471558
2000471595
2000471619
2000468268
2000472271
2000472272
2000472273
2000472274
2000472321
2000472327
2000472338
2000472378
2000472380
2000472401
2000472445
2000472450
2000472392
2000472488
2000472504
2000471566
2000468198
2000472579
2000472823
2000472838
2000472850
2000472913
2000472919
2000472963
2000472787
2000473072
2000472867
2000472882
2000472910
2000472951
2000473126
2000472926
2000473395
2000473400
2000473418
2000473427
2000473439
2000473436
2000473449
2000473470
2000473504
2000473532
2000473588
2000473595
2000473620
2000473665
2000473566
2000473592
2000473652
2000473666
2000473599
2000473416
2000474420
2000474422
2000474469
2000474524
2000474526
2000474553
2000474564
2000474585
2000474643
2000474645
2000474662
2000474665
2000474697
2000474717
2000474727
2000474567
2000474611
2000474734
2000474723
